TnALE found structure:
Shape: (8, 8, 16, 8, 8)
Edges: [(1, 2), (2, 3), (3, 4), (4, 5), (5, 1), (3, 5), (1, 4)]
Ranks: [4, 4, 13, 2, 3, 3, 1]

Original: 65536
Tensor Network: 2424
CR: 27.036303630363037
Rel Error: 0.14427997657388464
Iters: 20
Time: 0.51s
