TnALE found structure:
Shape: (8, 8, 16, 8, 8)
Edges: [(1, 2), (2, 3), (3, 4), (4, 5), (5, 1), (1, 4), (5, 2), (3, 5)]
Ranks: [1, 1, 9, 1, 7, 9, 2, 8]

Original: 65536
Tensor Network: 6496
CR: 10.088669950738916
Rel Error: 0.10185005889929015
Iters: 20
Time: 1.51s
