TnALE found structure:
Shape: (8, 8, 16, 8, 8)
Edges: [(1, 2), (2, 3), (3, 4), (4, 5), (5, 1), (1, 4), (5, 2), (3, 5)]
Ranks: [11, 9, 1, 1, 7, 5, 4, 10]

Original: 65536
Tensor Network: 22288
CR: 2.940416367552046
Rel Error: 0.0716436671792042
Iters: 20
Time: 32.23s
