TnALE found structure:
Shape: (8, 8, 16, 8, 8)
Edges: [(1, 2), (2, 3), (3, 4), (4, 5), (5, 1)]
Ranks: [26, 34, 20, 2, 16]

Original: 65536
Tensor Network: 16480
CR: 3.9766990291262134
Rel Error: 0.06434080814622574
Iters: 20
Time: 4.44s
