TnALE found structure:
Shape: (8, 8, 16, 8, 8)
Edges: [(1, 2), (2, 3), (3, 4), (4, 5), (5, 1), (3, 5), (1, 4)]
Ranks: [5, 2, 14, 2, 3, 1, 1]

Original: 65536
Tensor Network: 1648
CR: 39.76699029126213
Rel Error: 0.14774531305216373
Iters: 20
Time: 0.45s
