TnALE found structure:
Shape: (8, 8, 16, 8, 8)
Edges: [(1, 2), (2, 3), (3, 4), (4, 5)]
Ranks: [8, 23, 16, 5]

Original: 65536
Tensor Network: 8104
CR: 8.086870681145113
Rel Error: 0.10766671286111475
Iters: 20
Time: 0.91s
