TnALE found structure:
Shape: (8, 8, 16, 8, 8)
Edges: [(1, 2), (2, 3), (3, 4), (4, 5)]
Ranks: [8, 10, 9, 4]

Original: 65536
Tensor Network: 2464
CR: 26.5974025974026
Rel Error: 0.15436347536583866
Iters: 20
Time: 0.39s
