TnALE found structure:
Shape: (8, 8, 16, 8, 8)
Edges: [(1, 2), (2, 3), (3, 4), (4, 5), (5, 1), (3, 5), (1, 4)]
Ranks: [6, 7, 8, 1, 5, 2, 6]

Original: 65536
Tensor Network: 5488
CR: 11.941690962099125
Rel Error: 0.10385782000460156
Iters: 20
Time: 0.95s
