TnALE found structure:
Shape: (8, 8, 16, 8, 8)
Edges: [(1, 2), (2, 3), (3, 4), (4, 5), (5, 1)]
Ranks: [20, 12, 3, 12, 18]

Original: 65536
Tensor Network: 6432
CR: 10.189054726368159
Rel Error: 0.10535665964970993
Iters: 20
Time: 1.05s
