TnALE found structure:
Shape: (8, 8, 16, 8, 8)
Edges: [(1, 2), (2, 3), (3, 4), (4, 5), (5, 1), (3, 5), (1, 4)]
Ranks: [6, 6, 13, 16, 2, 2, 8]

Original: 65536
Tensor Network: 7968
CR: 8.224899598393574
Rel Error: 0.0933585574913907
Iters: 10
Time: 0.64s
