TnALE found structure:
Shape: (8, 8, 16, 8, 8)
Edges: [(1, 2), (2, 3), (3, 4), (4, 5), (5, 1)]
Ranks: [9, 9, 2, 8, 14]

Original: 65536
Tensor Network: 2952
CR: 22.200542005420054
Rel Error: 0.1317466024083825
Iters: 10
Time: 0.25s
