TnALE found structure:
Shape: (8, 8, 16, 8, 8)
Edges: [(1, 2), (2, 3), (3, 4), (4, 5)]
Ranks: [15, 43, 31, 8]

Original: 65536
Tensor Network: 28656
CR: 2.2869905080960358
Rel Error: 0.06626321401221615
Iters: 10
Time: 4.19s
