TnALE found structure:
Shape: (8, 8, 16, 8, 8)
Edges: [(1, 2), (2, 3), (3, 4), (4, 5), (5, 1)]
Ranks: [29, 40, 34, 4, 30]

Original: 65536
Tensor Network: 29904
CR: 2.1915462814339217
Rel Error: 0.04681223265487907
Iters: 10
Time: 7.15s
