TnALE found structure:
Shape: (8, 8, 16, 8, 8)
Edges: [(1, 2), (2, 3), (3, 4), (4, 5), (5, 1), (1, 4), (5, 2), (3, 5)]
Ranks: [8, 7, 11, 1, 1, 10, 3, 5]

Original: 65536
Tensor Network: 10712
CR: 6.117998506348021
Rel Error: 0.08910131521123858
Iters: 10
Time: 1.15s
