TnALE found structure:
Shape: (8, 8, 16, 8, 8)
Edges: [(1, 2), (2, 3), (3, 4), (4, 5)]
Ranks: [8, 25, 16, 5]

Original: 65536
Tensor Network: 8744
CR: 7.494967978042086
Rel Error: 0.10497158576031225
Iters: 10
Time: 0.45s
