TnALE found structure:
Shape: (8, 8, 16, 8, 8)
Edges: [(1, 2), (2, 3), (3, 4), (4, 5), (5, 1), (1, 4), (5, 2), (3, 5)]
Ranks: [1, 2, 12, 1, 7, 4, 1, 11]

Original: 65536
Tensor Network: 5768
CR: 11.361997226074896
Rel Error: 0.1039966497435469
Iters: 10
Time: 0.59s
