TnALE found structure:
Shape: (8, 8, 16, 8, 8)
Edges: [(1, 2), (2, 3), (3, 4), (4, 5), (5, 1), (3, 5), (1, 4)]
Ranks: [5, 4, 6, 1, 5, 2, 7]

Original: 65536
Tensor Network: 3288
CR: 19.931873479318735
Rel Error: 0.11895971544804033
Iters: 10
Time: 0.29s
