TnALE found structure:
Shape: (8, 8, 16, 8, 8)
Edges: [(1, 2), (2, 3), (3, 4), (4, 5)]
Ranks: [9, 27, 18, 7]

Original: 65536
Tensor Network: 10856
CR: 6.036845983787767
Rel Error: 0.0989213975092669
Iters: 10
Time: 0.59s
