TnALE found structure:
Shape: (8, 8, 16, 8, 8)
Edges: [(1, 2), (2, 3), (3, 4), (4, 5)]
Ranks: [9, 29, 21, 7]

Original: 65536
Tensor Network: 13136
CR: 4.989037758830694
Rel Error: 0.09294382725911932
Iters: 10
Time: 0.91s
