TnALE found structure:
Shape: (8, 8, 16, 8, 8)
Edges: [(1, 2), (2, 3), (3, 4), (4, 5), (5, 1), (3, 5), (1, 4)]
Ranks: [2, 2, 11, 2, 4, 2, 3]

Original: 65536
Tensor Network: 1792
CR: 36.57142857142857
Rel Error: 0.14786048889750844
Iters: 10
Time: 0.19s
