TnALE found structure:
Shape: (8, 8, 16, 8, 8)
Edges: [(1, 2), (2, 3), (3, 4), (4, 5), (5, 1)]
Ranks: [21, 12, 5, 14, 16]

Original: 65536
Tensor Network: 7304
CR: 8.97261774370208
Rel Error: 0.10158507506114148
Iters: 10
Time: 0.59s
