TnALE found structure:
Shape: (8, 8, 16, 8, 8)
Edges: [(1, 2), (2, 3), (3, 4), (4, 5)]
Ranks: [8, 17, 10, 3]

Original: 65536
Tensor Network: 4136
CR: 15.845261121856867
Rel Error: 0.1305969109329063
Iters: 10
Time: 0.25s
