TnALE found structure:
Shape: (8, 8, 16, 8, 8)
Edges: [(1, 2), (2, 3), (3, 4), (4, 5)]
Ranks: [8, 25, 14, 5]

Original: 65536
Tensor Network: 7864
CR: 8.333672431332655
Rel Error: 0.10841745021101792
Iters: 10
Time: 0.40s
