Arbitrary structure
Shape: (8, 8, 16, 8, 8)
Edges: [(1, 2), (2, 3), (3, 4), (4, 5), (5, 1), (3, 5), (1, 4)]
Ranks: [9, 9, 12, 9, 9, 12, 8]

Original: 65536
Tensor Network: 37800
CR: 1.7337566137566138
Rel Error: 0.0580895275780855
Iters: 20
Time: 9.21s
