TnALE found structure:
Shape: (8, 8, 16, 8, 8)
Edges: [(1, 2), (2, 3), (3, 4), (4, 5), (5, 1), (3, 5), (1, 4)]
Ranks: [2, 4, 16, 14, 4, 7, 16]

Original: 65536
Tensor Network: 19296
CR: 3.396351575456053
Rel Error: 0.06599671758422784
Iters: 10
Time: 2.05s
