TnALE found structure:
Shape: (8, 8, 16, 8, 8)
Edges: [(1, 2), (2, 3), (3, 4), (4, 5), (5, 1), (5, 2), (5, 3), (4, 1), (4, 2), (3, 1)]
Ranks: [2, 4, 4, 3, 2, 2, 3, 2, 2, 1]

Original: 65536
Tensor Network: 1664
CR: 39.38461538461539
Rel Error: 0.15846711106784298
Iters: 10
Time: 0.17s
