Arbitrary structure
Shape: (8, 8, 16, 8, 8)
Edges: [(1, 2), (2, 3), (3, 4), (4, 5), (5, 1), (5, 2), (5, 3), (4, 1), (4, 2), (3, 1)]
Ranks: [4, 4, 4, 4, 4, 4, 4, 4, 4, 4]

Original: 65536
Tensor Network: 12288
CR: 5.333333333333333
Rel Error: 0.09290984531996217
Iters: 10
Time: 0.75s
