TnALE found structure:
Shape: (8, 8, 16, 8, 8)
Edges: [(1, 2), (2, 3), (3, 4), (4, 5), (5, 1), (1, 4), (5, 2), (3, 5)]
Ranks: [3, 1, 12, 1, 1, 1, 6, 7]

Original: 65536
Tensor Network: 1416
CR: 46.282485875706215
Rel Error: 0.15206171059921117
Iters: 10
Time: 0.17s
