TnALE found structure:
Shape: (8, 8, 16, 8, 8)
Edges: [(1, 2), (2, 3), (3, 4), (4, 5), (5, 1), (1, 4), (5, 2), (3, 5)]
Ranks: [1, 1, 8, 2, 4, 7, 1, 4]

Original: 65536
Tensor Network: 2272
CR: 28.845070422535212
Rel Error: 0.13782405149803065
Iters: 10
Time: 0.23s
