TnALE found structure:
Shape: (8, 8, 16, 8, 8)
Edges: [(1, 2), (2, 3), (3, 4), (4, 5)]
Ranks: [12, 38, 27, 9]

Original: 65536
Tensor Network: 22176
CR: 2.9552669552669553
Rel Error: 0.07486534665164353
Iters: 10
Time: 2.07s
