TnALE found structure:
Shape: (8, 8, 16, 8, 8)
Edges: [(1, 2), (2, 3), (3, 4), (4, 5), (5, 1)]
Ranks: [24, 25, 5, 25, 13]

Original: 65536
Tensor Network: 12960
CR: 5.05679012345679
Rel Error: 0.08417668544121465
Iters: 10
Time: 1.09s
