TnALE found structure:
Shape: (8, 8, 16, 8, 8)
Edges: [(1, 2), (2, 3), (3, 4), (4, 5), (5, 1)]
Ranks: [8, 9, 2, 8, 13]

Original: 65536
Tensor Network: 2728
CR: 24.023460410557185
Rel Error: 0.13213438663975524
Iters: 10
Time: 0.23s
