TnALE found structure:
Shape: (8, 8, 16, 8, 8)
Edges: [(1, 2), (2, 3), (3, 4), (4, 5), (5, 1), (1, 4), (5, 2), (3, 5)]
Ranks: [1, 1, 8, 1, 4, 4, 1, 8]

Original: 65536
Tensor Network: 2464
CR: 26.5974025974026
Rel Error: 0.12426857725881817
Iters: 10
Time: 0.24s
