TnALE found structure:
Shape: (8, 8, 16, 8, 8)
Edges: [(1, 2), (2, 3), (3, 4), (4, 5)]
Ranks: [8, 29, 22, 6]

Original: 65536
Tensor Network: 13232
CR: 4.952841596130592
Rel Error: 0.09299794512274782
Iters: 20
Time: 1.72s
