TnALE found structure:
Shape: (8, 8, 16, 8, 8)
Edges: [(1, 2), (2, 3), (3, 4), (4, 5), (5, 1), (3, 5), (1, 4)]
Ranks: [2, 2, 8, 2, 4, 2, 3]

Original: 65536
Tensor Network: 1408
CR: 46.54545454545455
Rel Error: 0.15875558453644228
Iters: 10
Time: 0.15s
