TnALE found structure:
Shape: (8, 8, 16, 8, 8)
Edges: [(1, 2), (2, 3), (3, 4), (4, 5), (5, 1), (5, 2), (5, 3), (4, 1), (4, 2), (3, 1)]
Ranks: [5, 2, 6, 1, 2, 2, 6, 4, 2, 6]

Original: 65536
Tensor Network: 8992
CR: 7.288256227758007
Rel Error: 0.09905033039342448
Iters: 10
Time: 1.25s
