TnALE found structure:
Shape: (8, 8, 16, 8, 8)
Edges: [(1, 2), (2, 3), (3, 4), (4, 5)]
Ranks: [15, 32, 21, 7]

Original: 65536
Tensor Network: 15944
CR: 4.110386352232815
Rel Error: 0.088647914695737
Iters: 10
Time: 1.10s
