TnALE found structure:
Shape: (8, 8, 16, 8, 8)
Edges: [(1, 2), (2, 3), (3, 4), (4, 5)]
Ranks: [8, 19, 10, 3]

Original: 65536
Tensor Network: 4584
CR: 14.296684118673648
Rel Error: 0.12707976311939664
Iters: 20
Time: 0.58s
