TnALE found structure:
Shape: (8, 8, 16, 8, 8)
Edges: [(1, 2), (2, 3), (3, 4), (4, 5)]
Ranks: [8, 7, 6, 3]

Original: 65536
Tensor Network: 1352
CR: 48.47337278106509
Rel Error: 0.1867538825511907
Iters: 10
Time: 0.13s
