Arbitrary structure
Shape: (8, 8, 16, 8, 8)
Edges: [(1, 2), (2, 3), (3, 4), (4, 5), (5, 1)]
Ranks: [12, 12, 12, 12, 12]

Original: 65536
Tensor Network: 6912
CR: 9.481481481481481
Rel Error: 0.1048206073925645
Iters: 20
Time: 0.98s
