TnALE found structure:
Shape: (8, 8, 16, 8, 8)
Edges: [(1, 2), (2, 3), (3, 4), (4, 5), (5, 1), (5, 2), (5, 3), (4, 1), (4, 2), (3, 1)]
Ranks: [2, 2, 2, 2, 2, 2, 5, 5, 2, 4]

Original: 65536
Tensor Network: 2944
CR: 22.26086956521739
Rel Error: 0.1334969220918496
Iters: 10
Time: 0.25s
