TnALE found structure:
Shape: (8, 8, 16, 8, 8)
Edges: [(1, 2), (2, 3), (3, 4), (4, 5), (5, 1), (5, 2), (5, 3), (4, 1), (4, 2), (3, 1)]
Ranks: [2, 1, 5, 2, 2, 2, 4, 6, 2, 4]

Original: 65536
Tensor Network: 5152
CR: 12.720496894409937
Rel Error: 0.1207403279940874
Iters: 10
Time: 0.50s
