TnALE found structure:
Shape: (8, 8, 16, 8, 8)
Edges: [(1, 2), (2, 3), (3, 4), (4, 5), (5, 1)]
Ranks: [11, 5, 5, 2, 7]

Original: 65536
Tensor Network: 1432
CR: 45.76536312849162
Rel Error: 0.15994103062423612
Iters: 10
Time: 0.16s
